DBS Lead:Medtronic 3387
0.0	1.0	1.5	1.5	1.5	1.5	1.5	1.5	1.5	100	
-1	0	1	0	1	0	1	0	1	3
1.27
DBS Lead:Medtronic 3389
0.0	1.0	1.5	0.5	1.5	0.5	1.5	0.5	1.5	100
-1	0	1	0	1	0	1	0	1	3
1.27
DBS Lead:Medtronic B33005
0.0	1.0	1.5	0.5	1.5	0.5	1.5	0.5	1.5	100
-1	0	1	0	1	0	1	0	1	3
1.36
DBS Lead:Medtronic B33015
0.0	1.0	1.5	1.5	1.5	1.5	1.5	1.5	1.5	100
-1	0	1	0	1	0	1	0	1	3
1.36
DBS Lead:Abbott Infinity
0.0	1.0	1.5	0.5	1.5	0.5	1.5	0.5	1.5	100	
-1	0	1	0	2	0	2	0	1	3
1.27
DBS Lead:Boston Scientific
0.0	1.0	0.5	1.5	0.5	1.5	0.5	1.5	100	
-1	1	0	2	0	2	0	1	3
1.3
SEEG Electrode:8 Contacts
0.0	0.0	2.0	1.5	2.0	1.5	2.0	1.5	2.0	1.5	2.0	1.5	2.0	1.5	2.0	1.5	2.0	30.0
-1	0	1	0	1	0	1	0	1	0	1	0	1	0	1	0	1	3
0.8
SEEG Electrode:10 Contacts
0.0	0.0	2.0	1.5	2.0	1.5	2.0	1.5	2.0	1.5	2.0	1.5	2.0	1.5	2.0	1.5	2.0	1.5	2.0	1.5	2.0	30.0
-1	0	1	0	1	0	1	0	1	0	1	0	1	0	1	0	1	0	1	0	1	3
0.8
SEEG Electrode:12 Contacts
0.0	0.0	2.0	1.5	2.0	1.5	2.0	1.5	2.0	1.5	2.0	1.5	2.0	1.5	2.0	1.5	2.0	1.5	2.0	1.5	2.0	1.5	2.0	1.5	2.0	30.0
-1	0	1	0	1	0	1	0	1	0	1	0	1	0	1	0	1	0	1	0	1	0	1	0	1	3
0.8
SEEG Electrode:14 Contacts
0.0	0.0	2.0	1.5	2.0	1.5	2.0	1.5	2.0	1.5	2.0	1.5	2.0	1.5	2.0	1.5	2.0	1.5	2.0	1.5	2.0	1.5	2.0	1.5	2.0	1.5	2.0	1.5	2.0	30.0
-1	0	1	0	1	0	1	0	1	0	1	0	1	0	1	0	1	0	1	0	1	0	1	0	1	0	1	0	1	3
0.8
SEEG Electrode:16 Contacts
0.0	0.0	2.0	1.5	2.0	1.5	2.0	1.5	2.0	1.5	2.0	1.5	2.0	1.5	2.0	1.5	2.0	1.5	2.0	1.5	2.0	1.5	2.0	1.5	2.0	1.5	2.0	1.5	2.0	1.5	2.0	1.5	2.0	30.0
-1	0	1	0	1	0	1	0	1	0	1	0	1	0	1	0	1	0	1	0	1	0	1	0	1	0	1	0	1	0	1	0	1	3
0.8
Probe
0.0	50	
-1	3
1.0
Obturator:11 mm
30.0	2.0
3	-2
11
Obturator:13.5 mm
30.0	2.0
3	-2
13.5
